#  x       Model 1   Model 2   Model 3   Model 4 
 0.100000  0.587785  0.987688 -1.553436 -0.125333
 0.200000  0.951057  0.951057 -1.176080 -0.173827
 0.300000  0.951057  0.891007 -0.944532 -0.192485
 0.400000  0.587785  0.809017 -0.772553 -0.191709
 0.500000  0.000000  0.707107 -0.634029 -0.176941
 0.600000 -0.587785  0.587785 -0.517861 -0.151866
 0.700000 -0.951057  0.453990 -0.418459 -0.119354
 0.800000 -0.951057  0.309017 -0.332697 -0.081824
 0.900000 -0.587785  0.156434 -0.258680 -0.041403
 1.000000 -0.000000  0.000000 -0.195177  0.000000
 1.100000  0.587785 -0.156434 -0.141325  0.040660
 1.200000  0.951057 -0.309017 -0.096466  0.079025
 1.300000  0.951057 -0.453990 -0.060055  0.113719
 1.400000  0.587785 -0.587785 -0.031594  0.143540
 1.500000 -0.000000 -0.707107 -0.010605  0.167473
 1.600000 -0.587785 -0.809017  0.003396  0.184693
 1.700000 -0.951057 -0.891007  0.010913  0.194574
 1.800000 -0.951057 -0.951057  0.012475  0.196691
 1.900000 -0.587785 -0.987688  0.008642  0.190820
 2.000000 -0.000000 -1.000000 -0.000000  0.176941
 2.100000  0.587785 -0.987688 -0.012837  0.155230
 2.200000  0.951057 -0.951057 -0.029232  0.126054
 2.300000  0.951057 -0.891007 -0.048530  0.089958
 2.400000  0.587785 -0.809017 -0.070065  0.047653
 2.500000 -0.000000 -0.707107 -0.093167 -0.000000
 2.600000 -0.587785 -0.587785 -0.117164 -0.052010
 2.700000 -0.951057 -0.453990 -0.141397 -0.107276
 2.800000 -0.951057 -0.309017 -0.165222 -0.164610
 2.900000 -0.587785 -0.156434 -0.188018 -0.222762
 3.000000  0.000000  0.000000 -0.209195 -0.280445
 3.100000  0.587785  0.156434 -0.228201 -0.336360
 3.200000  0.951057  0.309017 -0.244526 -0.389225
 3.300000  0.951057  0.453990 -0.257713 -0.437796
 3.400000  0.587785  0.587785 -0.267357 -0.480897
 3.500000 -0.000000  0.707107 -0.273114 -0.517439
 3.600000 -0.587785  0.809017 -0.274701 -0.546449
 3.700000 -0.951057  0.891007 -0.271906 -0.567081
 3.800000 -0.951057  0.951057 -0.264582 -0.578640
 3.900000 -0.587785  0.987688 -0.252655 -0.580595
 4.000000 -0.000000  1.000000 -0.236120 -0.572593
 4.100000  0.587785  0.987688 -0.215044 -0.554463
 4.200000  0.951057  0.951057 -0.189566 -0.526227
 4.300000  0.951057  0.891007 -0.159889 -0.488096
 4.400000  0.587785  0.809017 -0.126285 -0.440474
 4.500000  0.000000  0.707107 -0.089086 -0.383949
 4.600000 -0.587785  0.587785 -0.048682 -0.319286
 4.700000 -0.951057  0.453990 -0.005516 -0.247416
 4.800000 -0.951057  0.309017  0.039922 -0.169418
 4.900000 -0.587785  0.156434  0.087101 -0.086505
 5.000000 -0.000000  0.000000  0.135457 -0.000000
 5.100000  0.587785 -0.156434  0.184396  0.088682
 5.200000  0.951057 -0.309017  0.233306  0.178063
 5.300000  0.951057 -0.453990  0.281564  0.266624
 5.400000  0.587785 -0.587785  0.328540  0.352833
 5.500000  0.000000 -0.707107  0.373610  0.435174
 5.600000 -0.587785 -0.809017  0.416161  0.512170
 5.700000 -0.951057 -0.891007  0.455598  0.582412
 5.800000 -0.951057 -0.951057  0.491355  0.644584
 5.900000 -0.587785 -0.987688  0.522900  0.697488
 6.000000 -0.000000 -1.000000  0.549741  0.740066
 6.100000  0.587785 -0.987688  0.571436  0.771419
 6.200000  0.951057 -0.951057  0.587595  0.790828
 6.300000  0.951057 -0.891007  0.597888  0.797763
 6.400000  0.587785 -0.809017  0.602049  0.791900
 6.500000 -0.000000 -0.707107  0.599879  0.773127
 6.600000 -0.587785 -0.587785  0.591251  0.741546
 6.700000 -0.951057 -0.453990  0.576111  0.697478
 6.800000 -0.951057 -0.309017  0.554480  0.641459
 6.900000 -0.587785 -0.156434  0.526455  0.574232
 7.000000 -0.000000 -0.000000  0.492209  0.496736
 7.100000  0.587785  0.156434  0.451988  0.410097
 7.200000  0.951057  0.309017  0.406113  0.315605
 7.300000  0.951057  0.453990  0.354972  0.214700
 7.400000  0.587785  0.587785  0.299020  0.108944
 7.500000  0.000000  0.707107  0.238775  0.000000
 7.600000 -0.587785  0.809017  0.174812 -0.110395
 7.700000 -0.951057  0.891007  0.107753 -0.220461
 7.800000 -0.951057  0.951057  0.038269 -0.328402
 7.900000 -0.587785  0.987688 -0.032934 -0.432435
 8.000000 -0.000000  1.000000 -0.105120 -0.530823
 8.100000  0.587785  0.987688 -0.177531 -0.621901
 8.200000  0.951057  0.951057 -0.249394 -0.704106
 8.300000  0.951057  0.891007 -0.319934 -0.776003
 8.400000  0.587785  0.809017 -0.388376 -0.836313
 8.500000 -0.000000  0.707107 -0.453957 -0.883930
 8.600000 -0.587785  0.587785 -0.515937 -0.917946
 8.700000 -0.951057  0.453990 -0.573603 -0.937665
 8.800000 -0.951057  0.309017 -0.626280 -0.942619
 8.900000 -0.587785  0.156434 -0.673336 -0.932574
 9.000000 -0.000000  0.000000 -0.714194 -0.907539
 9.100000  0.587785 -0.156434 -0.748334 -0.867767
 9.200000  0.951057 -0.309017 -0.775302 -0.813753
 9.300000  0.951057 -0.453990 -0.794716 -0.746229
 9.400000  0.587785 -0.587785 -0.806270 -0.666152
 9.500000  0.000000 -0.707107 -0.809736 -0.574692
 9.600000 -0.587785 -0.809017 -0.804972 -0.473213
 9.700000 -0.951057 -0.891007 -0.791921 -0.363255
 9.800000 -0.951057 -0.951057 -0.770612 -0.246508
 9.900000 -0.587785 -0.987688 -0.741164 -0.124786
10.000000 -0.000000 -1.000000 -0.703783 -0.000000
10.100000  0.587785 -0.987688 -0.658760  0.125875
10.200000  0.951057 -0.951057 -0.606472  0.250829
10.300000  0.951057 -0.891007 -0.547374  0.372850
10.400000  0.587785 -0.809017 -0.482000  0.489960
10.500000 -0.000000 -0.707107 -0.410955  0.600240
10.600000 -0.587785 -0.587785 -0.334909  0.701870
10.700000 -0.951057 -0.453990 -0.254594  0.793154
10.800000 -0.951057 -0.309017 -0.170791  0.872549
10.900000 -0.587785 -0.156434 -0.084328  0.938692
11.000000 -0.000000 -0.000000  0.003932  0.990423
11.100000  0.587785  0.156434  0.093099  1.026807
11.200000  0.951057  0.309017  0.182263  1.047148
11.300000  0.951057  0.453990  0.270508  1.051000
11.400000  0.587785  0.587785  0.356916  1.038184
11.500000  0.000000  0.707107  0.440581  1.008784
11.600000 -0.587785  0.809017  0.520618  0.963150
11.700000 -0.951057  0.891007  0.596169  0.901899
11.800000 -0.951057  0.951057  0.666416  0.825899
11.900000 -0.587785  0.987688  0.730590  0.736263
12.000000 -0.000000  1.000000  0.787975  0.634327
12.100000  0.587785  0.987688  0.837922  0.521636
12.200000  0.951057  0.951057  0.879852  0.399916
12.300000  0.951057  0.891007  0.913264  0.271048
12.400000  0.587785  0.809017  0.937741  0.137042
12.500000 -0.000000  0.707107  0.952953  0.000000
12.600000 -0.587785  0.587785  0.958666 -0.137913
12.700000 -0.951057  0.453990  0.954740 -0.274505
12.800000 -0.951057  0.309017  0.941134 -0.407591
12.900000 -0.587785  0.156434  0.917905 -0.535031
13.000000  0.000000 -0.000000  0.885211 -0.654759
13.100000  0.587785 -0.156434  0.843308 -0.764825
13.200000  0.951057 -0.309017  0.792549 -0.863417
13.300000  0.951057 -0.453990  0.733380 -0.948899
13.400000  0.587785 -0.587785  0.666338 -1.019835
13.500000  0.000000 -0.707107  0.592044 -1.075011
13.600000 -0.587785 -0.809017  0.511198 -1.113461
13.700000 -0.951057 -0.891007  0.424572 -1.134478
13.800000 -0.951057 -0.951057  0.333005 -1.137630
13.900000 -0.587785 -0.987688  0.237389 -1.122769
14.000000 -0.000000 -1.000000  0.138668 -1.090033
14.100000  0.587785 -0.987688  0.037821 -1.039845
14.200000  0.951057 -0.951057 -0.064142 -0.972909
14.300000  0.951057 -0.891007 -0.166194 -0.890202
14.400000  0.587785 -0.809017 -0.267300 -0.792954
14.500000 -0.000000 -0.707107 -0.366426 -0.682635
14.600000 -0.587785 -0.587785 -0.462553 -0.560931
14.700000 -0.951057 -0.453990 -0.554685 -0.429718
14.800000 -0.951057 -0.309017 -0.641861 -0.291032
14.900000 -0.587785 -0.156434 -0.723163 -0.147039
15.000000 -0.000000 -0.000000 -0.797728 -0.000000
15.100000  0.587785  0.156434 -0.864756  0.147765
15.200000  0.951057  0.309017 -0.923519  0.293913
15.300000  0.951057  0.453990 -0.973368  0.436114
15.400000  0.587785  0.587785 -1.013741  0.572092
15.500000  0.000000  0.707107 -1.044168  0.699659
15.600000 -0.587785  0.809017 -1.064281  0.816750
15.700000 -0.951057  0.891007 -1.073810  0.921457
15.800000 -0.951057  0.951057 -1.072594  1.012060
15.900000 -0.587785  0.987688 -1.060579  1.087057
16.000000 -0.000000  1.000000 -1.037823  1.145186
16.100000  0.587785  0.987688 -1.004491  1.185450
16.200000  0.951057  0.951057 -0.960856  1.207128
16.300000  0.951057  0.891007 -0.907301  1.209796
16.400000  0.587785  0.809017 -0.844307  1.193326
16.500000 -0.000000  0.707107 -0.772457  1.157896
16.600000 -0.587785  0.587785 -0.692428  1.103987
16.700000 -0.951057  0.453990 -0.604979  1.032374
16.800000 -0.951057  0.309017 -0.510955  0.944117
16.900000 -0.587785  0.156434 -0.411267  0.840546
17.000000  0.000000 -0.000000 -0.306890  0.723240
17.100000  0.587785 -0.156434 -0.198854  0.594000
17.200000  0.951057 -0.309017 -0.088230  0.454828
17.300000  0.951057 -0.453990  0.023881  0.307890
17.400000  0.587785 -0.587785  0.136355  0.155482
17.500000 -0.000000 -0.707107  0.248057 -0.000000
17.600000 -0.587785 -0.809017  0.357857 -0.156104
17.700000 -0.951057 -0.891007  0.464638 -0.310358
17.800000 -0.951057 -0.951057  0.567306 -0.460310
17.900000 -0.587785 -0.987688  0.664804 -0.603567
18.000000  0.000000 -1.000000  0.756123 -0.737831
18.100000  0.587785 -0.987688  0.840310 -0.860940
18.200000  0.951057 -0.951057  0.916482 -0.970902
18.300000  0.951057 -0.891007  0.983830 -1.065923
18.400000  0.587785 -0.809017  1.041631 -1.144441
18.500000 -0.000000 -0.707107  1.089257 -1.205152
18.600000 -0.587785 -0.587785  1.126178 -1.247026
18.700000 -0.951057 -0.453990  1.151970 -1.269332
18.800000 -0.951057 -0.309017  1.166320 -1.271644
18.900000 -0.587785 -0.156434  1.169029 -1.253852
19.000000  0.000000  0.000000  1.160016 -1.216167
19.100000  0.587785  0.156434  1.139316 -1.159114
19.200000  0.951057  0.309017  1.107083 -1.083527
19.300000  0.951057  0.453990  1.063589 -0.990539
19.400000  0.587785  0.587785  1.009222 -0.881561
19.500000 -0.000000  0.707107  0.944478 -0.758263
19.600000 -0.587785  0.809017  0.869963 -0.622549
19.700000 -0.951057  0.891007  0.786384 -0.476525
19.800000 -0.951057  0.951057  0.694541 -0.322468
19.900000 -0.587785  0.987688  0.595324 -0.162789
20.000000  0.000000  1.000000  0.489698  0.000000
20.100000  0.587785  0.987688  0.378700  0.163334
20.200000  0.951057  0.951057  0.263421  0.324628
20.300000  0.951057  0.891007  0.145006  0.481321
20.400000  0.587785  0.809017  0.024631  0.630919
20.500000 -0.000000  0.707107 -0.096500  0.771030
20.600000 -0.587785  0.587785 -0.217172  0.899404
20.700000 -0.951057  0.453990 -0.336169  1.013973
20.800000 -0.951057  0.309017 -0.452287  1.112878
20.900000 -0.587785  0.156434 -0.564346  1.194504
21.000000  0.000000 -0.000000 -0.671202  1.257505
21.100000  0.587785 -0.156434 -0.771760  1.300826
21.200000  0.951057 -0.309017 -0.864984  1.323719
21.300000  0.951057 -0.453990 -0.949905  1.325758
21.400000  0.587785 -0.587785 -1.025638  1.306848
21.500000 -0.000000 -0.707107 -1.091385  1.267224
21.600000 -0.587785 -0.809017 -1.146445  1.207450
21.700000 -0.951057 -0.891007 -1.190224  1.128410
21.800000 -0.951057 -0.951057 -1.222238  1.031298
21.900000 -0.587785 -0.987688 -1.242119  0.917597
22.000000  0.000000 -1.000000 -1.249622  0.789056
22.100000  0.587785 -0.987688 -1.244625  0.647666
22.200000  0.951057 -0.951057 -1.227129  0.495626
22.300000  0.951057 -0.891007 -1.197266  0.335310
22.400000  0.587785 -0.809017 -1.155287  0.169231
22.500000 -0.000000 -0.707107 -1.101572 -0.000000
22.600000 -0.587785 -0.587785 -1.036615 -0.169715
22.700000 -0.951057 -0.453990 -0.961030 -0.337230
22.800000 -0.951057 -0.309017 -0.875536 -0.499889
22.900000 -0.587785 -0.156434 -0.780956 -0.655106
23.000000  0.000000  0.000000 -0.678210 -0.800404
23.100000  0.587785  0.156434 -0.568299 -0.933457
23.200000  0.951057  0.309017 -0.452302 -1.052127
23.300000  0.951057  0.453990 -0.331362 -1.154497
23.400000  0.587785  0.587785 -0.206679 -1.238904
23.500000 -0.000000  0.707107 -0.079489 -1.303963
23.600000 -0.587785  0.809017  0.048937 -1.348594
23.700000 -0.951057  0.891007  0.177314 -1.372036
23.800000 -0.951057  0.951057  0.304354 -1.373861
23.900000 -0.587785  0.987688  0.428775 -1.353983
24.000000  0.000000  1.000000  0.549319 -1.312659
24.100000  0.587785  0.987688  0.664764 -1.250486
24.200000  0.951057  0.951057  0.773933 -1.168394
24.300000  0.951057  0.891007  0.875709 -1.067628
24.400000  0.587785  0.809017  0.969046 -0.949734
24.500000 -0.000000  0.707107  1.052980 -0.816531
24.600000 -0.587785  0.587785  1.126637 -0.670088
24.700000 -0.951057  0.453990  1.189244 -0.512686
24.800000 -0.951057  0.309017  1.240138 -0.346786
24.900000 -0.587785  0.156434  1.278769 -0.174990
25.000000  0.000000 -0.000000  1.304712  0.000000
25.100000  0.587785 -0.156434  1.317666  0.175426
25.200000  0.951057 -0.309017  1.317459  0.348514
25.300000  0.951057 -0.453990  1.304053  0.516523
25.400000  0.587785 -0.587785  1.277540  0.676784
25.500000 -0.000000 -0.707107  1.238147  0.826744
25.600000 -0.587785 -0.809017  1.186229  0.964007
25.700000 -0.951057 -0.891007  1.122268  1.086372
25.800000 -0.951057 -0.951057  1.046870  1.191870
25.900000 -0.587785 -0.987688  0.960756  1.278792
26.000000  0.000000 -1.000000  0.864758  1.345720
26.100000  0.587785 -0.987688  0.759809  1.391548
26.200000  0.951057 -0.951057  0.646936  1.415503
26.300000  0.951057 -0.891007  0.527248  1.417154
26.400000  0.587785 -0.809017  0.401925  1.396423
26.500000 -0.000000 -0.707107  0.272207  1.353587
26.600000 -0.587785 -0.587785  0.139384  1.289271
26.700000 -0.951057 -0.453990  0.004778  1.204443
26.800000 -0.951057 -0.309017 -0.130266  1.100397
26.900000 -0.587785 -0.156434 -0.264393  0.978733
27.000000  0.000000  0.000000 -0.396257  0.841335
27.100000  0.587785  0.156434 -0.524528  0.690338
27.200000  0.951057  0.309017 -0.647910  0.528100
27.300000  0.951057  0.453990 -0.765151  0.357159
27.400000  0.587785  0.587785 -0.875058  0.180198
27.500000 -0.000000  0.707107 -0.976509 -0.000000
27.600000 -0.587785  0.809017 -1.068463 -0.180594
27.700000 -0.951057  0.891007 -1.149971 -0.358730
27.800000 -0.951057  0.951057 -1.220187 -0.531588
27.900000 -0.587785  0.987688 -1.278377 -0.696425
28.000000  0.000000  1.000000 -1.323923 -0.850618
28.100000  0.587785  0.987688 -1.356336 -0.991708
28.200000  0.951057  0.951057 -1.375255 -1.117436
28.300000  0.951057  0.891007 -1.380453 -1.225784
28.400000  0.587785  0.809017 -1.371842 -1.315002
28.500000 -0.000000  0.707107 -1.349472 -1.383640
28.600000 -0.587785  0.587785 -1.313531 -1.430570
28.700000 -0.951057  0.453990 -1.264343 -1.455005
28.800000 -0.951057  0.309017 -1.202366 -1.456513
28.900000 -0.587785  0.156434 -1.128189 -1.435021
29.000000  0.000000 -0.000000 -1.042524 -1.390823
29.100000  0.587785 -0.156434 -0.946200 -1.324570
29.200000  0.951057 -0.309017 -0.840154 -1.237264
29.300000  0.951057 -0.453990 -0.725425 -1.130241
29.400000  0.587785 -0.587785 -0.603142 -1.005153
29.500000 -0.000000 -0.707107 -0.474510 -0.863940
29.600000 -0.587785 -0.809017 -0.340803 -0.708800
29.700000 -0.951057 -0.891007 -0.203348 -0.542158
29.800000 -0.951057 -0.951057 -0.063514 -0.366623
29.900000 -0.587785 -0.987688  0.077304 -0.184951
30.000000  0.000000 -1.000000  0.217697 -0.000000
30.100000  0.587785 -0.987688  0.356256  0.185314
30.200000  0.951057 -0.951057  0.491588  0.368063
30.300000  0.951057 -0.891007  0.622331  0.545355
30.400000  0.587785 -0.809017  0.747161  0.714380
30.500000 -0.000000 -0.707107  0.864813  0.872450
30.600000 -0.587785 -0.587785  0.974092  1.017046
30.700000 -0.951057 -0.453990  1.073882  1.145860
30.800000 -0.951057 -0.309017  1.163160  1.256825
30.900000 -0.587785 -0.156434  1.241007  1.348155
31.000000  0.000000  0.000000  1.306616  1.418369
31.100000  0.587785  0.156434  1.359300  1.466319
31.200000  0.951057  0.309017  1.398502  1.491206
31.300000  0.951057  0.453990  1.423796  1.492593
31.400000  0.587785  0.587785  1.434898  1.470415
31.500000 -0.000000  0.707107  1.431662  1.424978
31.600000 -0.587785  0.809017  1.414089  1.356957
31.700000 -0.951057  0.891007  1.382321  1.267386
31.800000 -0.951057  0.951057  1.336645  1.157640
31.900000 -0.587785  0.987688  1.277486  1.029416
32.000000 -0.000000  1.000000  1.205406  0.884705
32.100000  0.587785  0.987688  1.121099  0.725764
32.200000  0.951057  0.951057  1.025381  0.555079
32.300000  0.951057  0.891007  0.919187  0.375323
32.400000  0.587785  0.809017  0.803556  0.189321
32.500000  0.000000  0.707107  0.679626  0.000000
32.600000 -0.587785  0.587785  0.548620 -0.189656
32.700000 -0.951057  0.453990  0.411835 -0.376653
32.800000 -0.951057  0.309017  0.270628 -0.558030
32.900000 -0.587785  0.156434  0.126405 -0.730915
33.000000 -0.000000  0.000000 -0.019397 -0.892560
33.100000  0.587785 -0.156434 -0.165320 -1.040394
33.200000  0.951057 -0.309017 -0.309903 -1.172057
33.300000  0.951057 -0.453990 -0.451695 -1.285442
33.400000  0.587785 -0.587785 -0.589270 -1.378727
33.500000  0.000000 -0.707107 -0.721241 -1.450404
33.600000 -0.587785 -0.809017 -0.846273 -1.499304
33.700000 -0.951057 -0.891007 -0.963100 -1.524615
33.800000 -0.951057 -0.951057 -1.070535 -1.525900
33.900000 -0.587785 -0.987688 -1.167481 -1.503096
34.000000  0.000000 -1.000000 -1.252947 -1.456523
34.100000  0.587785 -0.987688 -1.326051 -1.386878
34.200000  0.951057 -0.951057 -1.386037 -1.295221
34.300000  0.951057 -0.891007 -1.432277 -1.182964
34.400000  0.587785 -0.809017 -1.464278 -1.051847
34.500000  0.000000 -0.707107 -1.481692 -0.903907
34.600000 -0.587785 -0.587785 -1.484315 -0.741456
34.700000 -0.951057 -0.453990 -1.472090 -0.567033
34.800000 -0.951057 -0.309017 -1.445109 -0.383375
34.900000 -0.587785 -0.156434 -1.403613 -0.193367
35.000000 -0.000000 -0.000000 -1.347989 -0.000000
35.100000  0.587785  0.156434 -1.278764  0.193678
35.200000  0.951057  0.309017 -1.196607  0.384610
35.300000  0.951057  0.453990 -1.102312  0.569774
35.400000  0.587785  0.587785 -0.996801  0.746238
35.500000 -0.000000  0.707107 -0.881109  0.911201
35.600000 -0.587785  0.809017 -0.756373  1.062041
35.700000 -0.951057  0.891007 -0.623825  1.196351
35.800000 -0.951057  0.951057 -0.484777  1.311987
35.900000 -0.587785  0.987688 -0.340610  1.407092
36.000000 -0.000000  1.000000 -0.192755  1.480132
36.100000  0.587785  0.987688 -0.042688  1.529919
36.200000  0.951057  0.951057  0.108095  1.555633
36.300000  0.951057  0.891007  0.258083  1.556829
36.400000  0.587785  0.809017  0.405775  1.533450
36.500000  0.000000  0.707107  0.549687  1.485829
36.600000 -0.587785  0.587785  0.688370  1.414680
36.700000 -0.951057  0.453990  0.820428  1.321091
36.800000 -0.951057  0.309017  0.944524  1.206506
36.900000 -0.587785  0.156434  1.059401  1.072703
37.000000 -0.000000  0.000000  1.163893  0.921766
37.100000  0.587785 -0.156434  1.256934  0.756052
37.200000  0.951057 -0.309017  1.337571  0.578155
37.300000  0.951057 -0.453990  1.404974  0.390868
37.400000  0.587785 -0.587785  1.458444  0.197133
37.500000  0.000000 -0.707107  1.497420  0.000000
37.600000 -0.587785 -0.809017  1.521486 -0.197423
37.700000 -0.951057 -0.891007  1.530373 -0.392020
37.800000 -0.951057 -0.951057  1.523965 -0.580713
37.900000 -0.587785 -0.987688  1.502299 -0.760515
38.000000 -0.000000 -1.000000  1.465565 -0.928573
38.100000  0.587785 -0.987688  1.414102 -1.082218
38.200000  0.951057 -0.951057  1.348400 -1.219001
38.300000  0.951057 -0.891007  1.269091 -1.336739
38.400000  0.587785 -0.809017  1.176946 -1.433546
38.500000 -0.000000 -0.707107  1.072863 -1.507863
38.600000 -0.587785 -0.587785  0.957865 -1.558484
38.700000 -0.951057 -0.453990  0.833082 -1.584578
38.800000 -0.951057 -0.309017  0.699747 -1.585697
38.900000 -0.587785 -0.156434  0.559179 -1.561787
39.000000  0.000000  0.000000  0.412774 -1.513192
39.100000  0.587785  0.156434  0.261987 -1.440645
39.200000  0.951057  0.309017  0.108319 -1.345256
39.300000  0.951057  0.453990 -0.046697 -1.228501
39.400000  0.587785  0.587785 -0.201510 -1.092192
39.500000 -0.000000  0.707107 -0.354571 -0.938456
39.600000 -0.587785  0.809017 -0.504346 -0.769696
39.700000 -0.951057  0.891007 -0.649328 -0.588554
39.800000 -0.951057  0.951057 -0.788060 -0.397875
39.900000 -0.587785  0.987688 -0.919141 -0.200655
40.000000  0.000000  1.000000 -1.041248  0.000000
40.100000  0.587785  0.987688 -1.153142  0.200927
40.200000  0.951057  0.951057 -1.253687  0.398955
40.300000  0.951057  0.891007 -1.341858  0.590952
40.400000  0.587785  0.809017 -1.416752  0.773880
40.500000 -0.000000  0.707107 -1.477597  0.944838
40.600000 -0.587785  0.587785 -1.523762  1.101112
40.700000 -0.951057  0.453990 -1.554759  1.240214
40.800000 -0.951057  0.309017 -1.570254  1.359925
40.900000 -0.587785  0.156434 -1.570068  1.458331
41.000000  0.000000 -0.000000 -1.554175  1.533849
41.100000  0.587785 -0.156434 -1.522711  1.585256
41.200000  0.951057 -0.309017 -1.475964  1.611711
41.300000  0.951057 -0.453990 -1.414378  1.612761
41.400000  0.587785 -0.587785 -1.338546  1.588359
41.500000 -0.000000 -0.707107 -1.249203  1.538855
41.600000 -0.587785 -0.809017 -1.147223  1.464999
41.700000 -0.951057 -0.891007 -1.033606  1.367926
41.800000 -0.951057 -0.951057 -0.909470  1.249138
41.900000 -0.587785 -0.987688 -0.776042  1.110482
42.000000  0.000000 -1.000000 -0.634642  0.954122
42.100000  0.587785 -0.987688 -0.486672  0.782504
42.200000  0.951057 -0.951057 -0.333604  0.598317
42.300000  0.951057 -0.891007 -0.176961  0.404454
42.400000  0.587785 -0.809017 -0.018304  0.203963
42.500000 -0.000000 -0.707107  0.140780 -0.000000
42.600000 -0.587785 -0.587785  0.298702 -0.204219
42.700000 -0.951057 -0.453990  0.453878 -0.405471
42.800000 -0.951057 -0.309017  0.604753 -0.600575
42.900000 -0.587785 -0.156434  0.749808 -0.786442
43.000000  0.000000  0.000000  0.887585 -0.960129
43.100000  0.587785  0.156434  1.016693 -1.118877
43.200000  0.951057  0.309017  1.135827 -1.260162
43.300000  0.951057  0.453990  1.243781 -1.381732
43.400000  0.587785  0.587785  1.339456 -1.481645
43.500000 -0.000000  0.707107  1.421877 -1.558296
43.600000 -0.587785  0.809017  1.490200 -1.610447
43.700000 -0.951057  0.891007  1.543720 -1.637244
43.800000 -0.951057  0.951057  1.581879 -1.638235
43.900000 -0.587785  0.987688  1.604273 -1.613372
44.000000  0.000000  1.000000  1.610655 -1.563016
44.100000  0.587785  0.987688  1.600936 -1.487933
44.200000  0.951057  0.951057  1.575191 -1.389276
44.300000  0.951057  0.891007  1.533654 -1.268576
44.400000  0.587785  0.809017  1.476717 -1.127711
44.500000 -0.000000  0.707107  1.404928 -0.968882
44.600000 -0.587785  0.587785  1.318984 -0.794573
44.700000 -0.951057  0.453990  1.219723 -0.607519
44.800000 -0.951057  0.309017  1.108120 -0.410656
44.900000 -0.587785  0.156434  0.985274 -0.207081
45.000000  0.000000 -0.000000  0.852397  0.000000
45.100000  0.587785 -0.156434  0.710806  0.207323
45.200000  0.951057 -0.309017  0.561904  0.411616
45.300000  0.951057 -0.453990  0.407171  0.609650
45.400000  0.587785 -0.587785  0.248146  0.798293
45.500000 -0.000000 -0.707107  0.086416  0.974555
45.600000 -0.587785 -0.809017 -0.076407  1.135640
45.700000 -0.951057 -0.891007 -0.238694  1.278987
45.800000 -0.951057 -0.951057 -0.398821  1.402315
45.900000 -0.587785 -0.987688 -0.555183  1.503653
46.000000  0.000000 -1.000000 -0.706210  1.581377
46.100000  0.587785 -0.987688 -0.850384  1.634232
46.200000  0.951057 -0.951057 -0.986253  1.661357
46.300000  0.951057 -0.891007 -1.112445  1.662294
46.400000  0.587785 -0.809017 -1.227686  1.636999
46.500000 -0.000000 -0.707107 -1.330807  1.585842
46.600000 -0.587785 -0.587785 -1.420759  1.509601
46.700000 -0.951057 -0.453990 -1.496626  1.409451
46.800000 -0.951057 -0.309017 -1.557628  1.286947
46.900000 -0.587785 -0.156434 -1.603135  1.143997
47.000000  0.000000  0.000000 -1.632671  0.982834
47.100000  0.587785  0.156434 -1.645919  0.805984
47.200000  0.951057  0.309017 -1.642725  0.616219
47.300000  0.951057  0.453990 -1.623098  0.416521
47.400000  0.587785  0.587785 -1.587213  0.210031
47.500000 -0.000000  0.707107 -1.535406 -0.000000
47.600000 -0.587785  0.809017 -1.468176 -0.210260
47.700000 -0.951057  0.891007 -1.386174 -0.417431
47.800000 -0.951057  0.951057 -1.290201 -0.618239
47.900000 -0.587785  0.987688 -1.181199 -0.809508
48.000000  0.000000  1.000000 -1.060241 -0.988209
48.100000  0.587785  0.987688 -0.928522 -1.151508
48.200000  0.951057  0.951057 -0.787344 -1.296810
48.300000  0.951057  0.891007 -0.638109 -1.421804
48.400000  0.587785  0.809017 -0.482298 -1.524494
48.500000 -0.000000  0.707107 -0.321461 -1.603236
48.600000 -0.587785  0.587785 -0.157202 -1.656761
48.700000 -0.951057  0.453990  0.008841 -1.684199
48.800000 -0.951057  0.309017  0.175010 -1.685088
48.900000 -0.587785  0.156434  0.339642 -1.659387
49.000000  0.000000 -0.000000  0.501088 -1.607472
49.100000  0.587785 -0.156434  0.657729 -1.530136
49.200000  0.951057 -0.309017  0.807992 -1.428573
49.300000  0.951057 -0.453990  0.950366 -1.304361
49.400000  0.587785 -0.587785  1.083417 -1.159436
49.500000 -0.000000 -0.707107  1.205802 -0.996064
49.600000 -0.587785 -0.809017  1.316283 -0.816805
49.700000 -0.951057 -0.891007  1.413739 -0.624470
49.800000 -0.951057 -0.951057  1.497181 -0.422084
49.900000 -0.587785 -0.987688  1.565755 -0.212828
50.000000  0.000000 -1.000000  1.618758  0.000000
50.100000  0.587785 -0.987688  1.655638  0.213046
50.200000  0.951057 -0.951057  1.676009  0.422948
50.300000  0.951057 -0.891007  1.679644  0.626389
50.400000  0.587785 -0.809017  1.666489  0.820152
50.500000 -0.000000 -0.707107  1.636652  1.001170
50.600000 -0.587785 -0.587785  1.590413  1.166571
50.700000 -0.951057 -0.453990  1.528213  1.313731
50.800000 -0.951057 -0.309017  1.450656  1.440308
50.900000 -0.587785 -0.156434  1.358498  1.544284
51.000000  0.000000  0.000000  1.252644  1.623996
51.100000  0.587785  0.156434  1.134135  1.678160
51.200000  0.951057  0.309017  1.004142  1.705897
51.300000  0.951057  0.453990  0.863952  1.706743
51.400000  0.587785  0.587785  0.714954  1.680657
51.500000 -0.000000  0.707107  0.558628  1.628025
51.600000 -0.587785  0.809017  0.396529  1.549652
51.700000 -0.951057  0.891007  0.230272  1.446748
51.800000 -0.951057  0.951057  0.061514  1.320914
51.900000 -0.587785  0.987688 -0.108060  1.174113
52.000000  0.000000  1.000000 -0.276753  1.008641
52.100000  0.587785  0.987688 -0.442879  0.827093
52.200000  0.951057  0.951057 -0.604771  0.632317
52.300000  0.951057  0.891007 -0.760807  0.427374
52.400000  0.587785  0.809017 -0.909418  0.215489
52.500000 -0.000000  0.707107 -1.049110 -0.000000
52.600000 -0.587785  0.587785 -1.178473 -0.215697
52.700000 -0.951057  0.453990 -1.296204 -0.428197
52.800000 -0.951057  0.309017 -1.401110 -0.634144
52.900000 -0.587785  0.156434 -1.492128 -0.830281
53.000000  0.000000 -0.000000 -1.568331 -1.013504
53.100000  0.587785 -0.156434 -1.628939 -1.180908
53.200000  0.951057 -0.309017 -1.673329 -1.329838
53.300000  0.951057 -0.453990 -1.701039 -1.457924
53.400000  0.587785 -0.587785 -1.711771 -1.563126
53.500000 -0.000000 -0.707107 -1.705399 -1.643762
53.600000 -0.587785 -0.809017 -1.681967 -1.698537
53.700000 -0.951057 -0.891007 -1.641691 -1.726561
53.800000 -0.951057 -0.951057 -1.584954 -1.727367
53.900000 -0.587785 -0.987688 -1.512305 -1.700918
54.000000  0.000000 -1.000000 -1.424453 -1.647604
54.100000  0.587785 -0.987688 -1.322259 -1.568244
54.200000  0.951057 -0.951057 -1.206729 -1.464064
54.300000  0.951057 -0.891007 -1.079003 -1.336686
54.400000  0.587785 -0.809017 -0.940347 -1.188099
54.500000 -0.000000 -0.707107 -0.792133 -1.020628
54.600000 -0.587785 -0.587785 -0.635834 -0.836899
54.700000 -0.951057 -0.453990 -0.473005 -0.639796
54.800000 -0.951057 -0.309017 -0.305266 -0.432417
54.900000 -0.587785 -0.156434 -0.134290 -0.218026
55.000000  0.000000  0.000000  0.038217  0.000000
55.100000  0.587785  0.156434  0.210532  0.218224
55.200000  0.951057  0.309017  0.380930  0.433203
55.300000  0.951057  0.453990  0.547705  0.641540
55.400000  0.587785  0.587785  0.709186  0.839942
55.500000 -0.000000  0.707107  0.863752  1.025270
55.600000 -0.587785  0.809017  1.009849  1.194586
55.700000 -0.951057  0.891007  1.146007  1.345205
55.800000 -0.951057  0.951057  1.270853  1.474732
55.900000 -0.587785  0.987688  1.383128  1.581105
56.000000  0.000000  1.000000  1.481693  1.662626
56.100000  0.587785  0.987688  1.565550  1.717984
56.200000  0.951057  0.951057  1.633843  1.746284
56.300000  0.951057  0.891007  1.685873  1.747054
56.400000  0.587785  0.809017  1.721102  1.720259
56.500000 -0.000000  0.707107  1.739160  1.666297
56.600000 -0.587785  0.587785  1.739849  1.585996
56.700000 -0.951057  0.453990  1.723142  1.480599
56.800000 -0.951057  0.309017  1.689190  1.351749
56.900000 -0.587785  0.156434  1.638312  1.201457
57.000000  0.000000 -0.000000  1.571000  1.032077
57.100000  0.587785 -0.156434  1.487910  0.846266
57.200000  0.951057 -0.309017  1.389857  0.646941
57.300000  0.951057 -0.453990  1.277805  0.437235
57.400000  0.587785 -0.587785  1.152861  0.220450
57.500000 -0.000000 -0.707107  1.016260 -0.000000
57.600000 -0.587785 -0.809017  0.869357 -0.220639
57.700000 -0.951057 -0.891007  0.713610 -0.437987
57.800000 -0.951057 -0.951057  0.550568 -0.648609
57.900000 -0.587785 -0.987688  0.381853 -0.849177
58.000000  0.000000 -1.000000  0.209147 -1.036517
58.100000  0.587785 -0.987688  0.034172 -1.207662
58.200000  0.951057 -0.951057 -0.141322 -1.359897
58.300000  0.951057 -0.891007 -0.315583 -1.490803
58.400000  0.587785 -0.809017 -0.486866 -1.598298
58.500000 -0.000000 -0.707107 -0.653455 -1.680665
58.600000 -0.587785 -0.587785 -0.813679 -1.736583
58.700000 -0.951057 -0.453990 -0.965931 -1.765148
58.800000 -0.951057 -0.309017 -1.108678 -1.765886
58.900000 -0.587785 -0.156434 -1.240484 -1.738762
59.000000  0.000000  0.000000 -1.360021 -1.684180
59.100000  0.587785  0.156434 -1.466080 -1.602980
59.200000  0.951057  0.309017 -1.557586 -1.496421
59.300000  0.951057  0.453990 -1.633612 -1.366162
59.400000  0.587785  0.587785 -1.693380 -1.214240
59.500000 -0.000000  0.707107 -1.736278 -1.043035
59.600000 -0.587785  0.809017 -1.761858 -0.855231
59.700000 -0.951057  0.891007 -1.769849 -0.653780
59.800000 -0.951057  0.951057 -1.760153 -0.441848
59.900000 -0.587785  0.987688 -1.732850 -0.222771
60.000000  0.000000  1.000000 -1.688195 -0.000000
60.100000  0.587785  0.987688 -1.626618  0.222952
60.200000  0.951057  0.951057 -1.548718  0.442568
60.300000  0.951057  0.891007 -1.455259  0.655379
60.400000  0.587785  0.809017 -1.347158  0.858021
60.500000 -0.000000  0.707107 -1.225485  1.047290
60.600000 -0.587785  0.587785 -1.091440  1.220186
60.700000 -0.951057  0.453990 -0.946355  1.373971
60.800000 -0.951057  0.309017 -0.791667  1.506200
60.900000 -0.587785  0.156434 -0.628916  1.614770
61.000000  0.000000 -0.000000 -0.459720  1.697950
61.100000  0.587785 -0.156434 -0.285766  1.754406
61.200000  0.951057 -0.309017 -0.108788  1.783226
61.300000  0.951057 -0.453990  0.069446  1.783933
61.400000  0.587785 -0.587785  0.247156  1.756495
61.500000 -0.000000 -0.707107  0.422565  1.701321
61.600000 -0.587785 -0.809017  0.593915  1.619261
61.700000 -0.951057 -0.891007  0.759490  1.511588
61.800000 -0.951057 -0.951057  0.917628  1.379980
61.900000 -0.587785 -0.987688  1.066742  1.226497
62.000000  0.000000 -1.000000  1.205331  1.053541
62.100000  0.587785 -0.987688  1.332000  0.863828
62.200000  0.951057 -0.951057  1.445472  0.660338
62.300000  0.951057 -0.891007  1.544598  0.446271
62.400000  0.587785 -0.809017  1.628375  0.224996
62.500000 -0.000000 -0.707107  1.695950 -0.000000
62.600000 -0.587785 -0.587785  1.746632 -0.225170
62.700000 -0.951057 -0.453990  1.779900 -0.446962
62.800000 -0.951057 -0.309017  1.795404 -0.661873
62.900000 -0.587785 -0.156434  1.792973 -0.866507
63.000000  0.000000  0.000000  1.772615 -1.057626
63.100000  0.587785  0.156434  1.734516 -1.232205
63.200000  0.951057  0.309017  1.679042 -1.387476
63.300000  0.951057  0.453990  1.606731 -1.520975
63.400000  0.587785  0.587785  1.518291 -1.630579
63.500000 -0.000000  0.707107  1.414590 -1.714540
63.600000 -0.587785  0.809017  1.296654 -1.771513
63.700000 -0.951057  0.891007  1.165647 -1.800579
63.800000 -0.951057  0.951057  1.022867 -1.801259
63.900000 -0.587785  0.987688  0.869733 -1.773520
64.000000 -0.000000  1.000000  0.707765 -1.717779
64.100000  0.587785  0.987688  0.538575 -1.634894
64.200000  0.951057  0.951057  0.363848 -1.526152
64.300000  0.951057  0.891007  0.185328 -1.393251
64.400000  0.587785  0.809017  0.004794 -1.238268
64.500000  0.000000  0.707107 -0.175949 -1.063633
64.600000 -0.587785  0.587785 -0.355095 -0.872086
64.700000 -0.951057  0.453990 -0.530850 -0.666638
64.800000 -0.951057  0.309017 -0.701455 -0.450520
64.900000 -0.587785  0.156434 -0.865198 -0.227134
65.000000 -0.000000  0.000000 -1.020438 -0.000000
65.100000  0.587785 -0.156434 -1.165612  0.227302
65.200000  0.951057 -0.309017 -1.299263  0.451185
65.300000  0.951057 -0.453990 -1.420042  0.668114
65.400000  0.587785 -0.587785 -1.526731  0.874661
65.500000 -0.000000 -0.707107 -1.618250  1.067560
65.600000 -0.587785 -0.809017 -1.693672  1.243756
65.700000 -0.951057 -0.891007 -1.752228  1.400458
65.800000 -0.951057 -0.951057 -1.793318  1.535179
65.900000 -0.587785 -0.987688 -1.816516  1.645777
66.000000 -0.000000 -1.000000 -1.821574  1.730489
66.100000  0.587785 -0.987688 -1.808427  1.787961
66.200000  0.951057 -0.951057 -1.777189  1.817265
66.300000  0.951057 -0.891007 -1.728157  1.817919
66.400000  0.587785 -0.809017 -1.661807  1.789892
66.500000  0.000000 -0.707107 -1.578787  1.733606
66.600000 -0.587785 -0.587785 -1.479912  1.649929
66.700000 -0.951057 -0.453990 -1.366158  1.540160
66.800000 -0.951057 -0.309017 -1.238649  1.406014
66.900000 -0.587785 -0.156434 -1.098649  1.249590
67.000000 -0.000000 -0.000000 -0.947547  1.073340
67.100000  0.587785  0.156434 -0.786843  0.880030
67.200000  0.951057  0.309017 -0.618137  0.672699
67.300000  0.951057  0.453990 -0.443108  0.454609
67.400000  0.587785  0.587785 -0.263502  0.229192
67.500000  0.000000  0.707107 -0.081110  0.000000
67.600000 -0.587785  0.809017  0.102246 -0.229353
67.700000 -0.951057  0.891007  0.284735 -0.455249
67.800000 -0.951057  0.951057  0.464530 -0.674121
67.900000 -0.587785  0.987688  0.639832 -0.882510
68.000000  0.000000  1.000000  0.808884 -1.077122
68.100000  0.587785  0.987688  0.969991 -1.254876
68.200000  0.951057  0.951057  1.121535 -1.412955
68.300000  0.951057  0.891007  1.261994 -1.548853
68.400000  0.587785  0.809017  1.389953 -1.660408
68.500000 -0.000000  0.707107  1.504123 -1.745845
68.600000 -0.587785  0.587785  1.603352 -1.803798
68.700000 -0.951057  0.453990  1.686633 -1.833332
68.800000 -0.951057  0.309017  1.753123 -1.833962
68.900000 -0.587785  0.156434  1.802142 -1.805659
69.000000 -0.000000  0.000000  1.833186 -1.748849
69.100000  0.587785 -0.156434  1.845929 -1.664409
69.200000  0.951057 -0.309017  1.840229 -1.553653
69.300000  0.951057 -0.453990  1.816129 -1.418309
69.400000  0.587785 -0.587785  1.773854 -1.260497
69.500000  0.000000 -0.707107  1.713812 -1.082692
69.600000 -0.587785 -0.809017  1.636589 -0.887684
69.700000 -0.951057 -0.891007  1.542943 -0.678539
69.800000 -0.951057 -0.951057  1.433797 -0.458548
69.900000 -0.587785 -0.987688  1.310230 -0.231174
70.000000 -0.000000 -1.000000  1.173466 -0.000000
70.100000  0.587785 -0.987688  1.024861  0.231330
70.200000  0.951057 -0.951057  0.865891  0.459165
70.300000  0.951057 -0.891007  0.698139  0.679910
70.400000  0.587785 -0.809017  0.523273  0.890075
70.500000  0.000000 -0.707107  0.343037  1.086338
70.600000 -0.587785 -0.587785  0.159228  1.265594
70.700000 -0.951057 -0.453990 -0.026319  1.425002
70.800000 -0.951057 -0.309017 -0.211750  1.562035
70.900000 -0.587785 -0.156434 -0.395211  1.674515
71.000000  0.000000  0.000000 -0.574867  1.760651
71.100000  0.587785  0.156434 -0.748918  1.819068
71.200000  0.951057  0.309017 -0.915619  1.848825
71.300000  0.951057  0.453990 -1.073299  1.849433
71.400000  0.587785  0.587785 -1.220373  1.820864
71.500000  0.000000  0.707107 -1.355363  1.763550
71.600000 -0.587785  0.809017 -1.476910  1.678375
71.700000 -0.951057  0.891007 -1.583788  1.566667
71.800000 -0.951057  0.951057 -1.674917  1.430168
71.900000 -0.587785  0.987688 -1.749374  1.271018
72.000000 -0.000000  1.000000 -1.806401  1.091713
72.100000  0.587785  0.987688 -1.845416  0.895067
72.200000  0.951057  0.951057 -1.866012  0.684173
72.300000  0.951057  0.891007 -1.867972  0.462349
72.400000  0.587785  0.809017 -1.851260  0.233087
72.500000  0.000000  0.707107 -1.816029 -0.000000
72.600000 -0.587785  0.587785 -1.762618 -0.233237
72.700000 -0.951057  0.453990 -1.691546 -0.462945
72.800000 -0.951057  0.309017 -1.603510 -0.685496
72.900000 -0.587785  0.156434 -1.499378 -0.897376
73.000000 -0.000000  0.000000 -1.380178 -1.095234
73.100000  0.587785 -0.156434 -1.247091 -1.275939
73.200000  0.951057 -0.309017 -1.101436 -1.436630
73.300000  0.951057 -0.453990 -0.944661 -1.574759
73.400000  0.587785 -0.587785 -0.778323 -1.688132
73.500000 -0.000000 -0.707107 -0.604079 -1.774945
73.600000 -0.587785 -0.809017 -0.423666 -1.833810
73.700000 -0.951057 -0.891007 -0.238881 -1.863782
73.800000 -0.951057 -0.951057 -0.051569 -1.864370
73.900000 -0.587785 -0.987688  0.136399 -1.835546
74.000000 -0.000000 -1.000000  0.323145 -1.777745
74.100000  0.587785 -0.987688  0.506800 -1.691862
74.200000  0.951057 -0.951057  0.685527 -1.579234
74.300000  0.951057 -0.891007  0.857534 -1.441622
74.400000  0.587785 -0.809017  1.021097 -1.281180
74.500000  0.000000 -0.707107  1.174575 -1.100426
74.600000 -0.587785 -0.587785  1.316425 -0.902199
74.700000 -0.951057 -0.453990  1.445222 -0.689615
74.800000 -0.951057 -0.309017  1.559667 -0.466020
74.900000 -0.587785 -0.156434  1.658606 -0.234935
75.000000 -0.000000 -0.000000  1.741038 -0.000000
75.100000  0.587785  0.156434  1.806128  0.235080
75.200000  0.951057  0.309017  1.853211  0.466596
75.300000  0.951057  0.453990  1.881804  0.690894
75.400000  0.587785  0.587785  1.891607  0.904431
75.500000  0.000000  0.707107  1.882508  1.103830
75.600000 -0.587785  0.809017  1.854585  1.285937
75.700000 -0.951057  0.891007  1.808104  1.447868
75.800000 -0.951057  0.951057  1.743514  1.587057
75.900000 -0.587785  0.987688  1.661450  1.701294
76.000000 -0.000000  1.000000  1.562718  1.788760
76.100000  0.587785  0.987688  1.448294  1.848060
76.200000  0.951057  0.951057  1.319310  1.878241
76.300000  0.951057  0.891007  1.177045  1.878810
76.400000  0.587785  0.809017  1.022912  1.849739
76.500000  0.000000  0.707107  0.858443  1.791468
76.600000 -0.587785  0.587785  0.685275  1.704901
76.700000 -0.951057  0.453990  0.505133  1.591385
76.800000 -0.951057  0.309017  0.319813  1.452696
76.900000 -0.587785  0.156434  0.131163  1.291005
77.000000 -0.000000  0.000000 -0.058932  1.108851
77.100000  0.587785 -0.156434 -0.248573  0.909095
77.200000  0.951057 -0.309017 -0.435864  0.694878
77.300000  0.951057 -0.453990 -0.618931  0.469571
77.400000  0.587785 -0.587785 -0.795941  0.236722
77.500000  0.000000 -0.707107 -0.965120  0.000000
77.600000 -0.587785 -0.809017 -1.124771 -0.236862
77.700000 -0.951057 -0.891007 -1.273292 -0.470129
77.800000 -0.951057 -0.951057 -1.409190 -0.696116
77.900000 -0.587785 -0.987688 -1.531096 -0.911255
78.000000 -0.000000 -1.000000 -1.637784 -1.112145
78.100000  0.587785 -0.987688 -1.728176 -1.295609
78.200000  0.951057 -0.951057 -1.801355 -1.458741
78.300000  0.951057 -0.891007 -1.856580 -1.598956
78.400000  0.587785 -0.809017 -1.893286 -1.714028
78.500000  0.000000 -0.707107 -1.911092 -1.802128
78.600000 -0.587785 -0.587785 -1.909807 -1.861849
78.700000 -0.951057 -0.453990 -1.889432 -1.892233
78.800000 -0.951057 -0.309017 -1.850155 -1.892784
78.900000 -0.587785 -0.156434 -1.792358 -1.863475
79.000000  0.000000  0.000000 -1.716606 -1.804751
79.100000  0.587785  0.156434 -1.623642 -1.717521
79.200000  0.951057  0.309017 -1.514384 -1.603147
79.300000  0.951057  0.453990 -1.389914 -1.463415
79.400000  0.587785  0.587785 -1.251466 -1.300517
79.500000  0.000000  0.707107 -1.100413 -1.117008
79.600000 -0.587785  0.809017 -0.938258 -0.915772
79.700000 -0.951057  0.891007 -0.766614 -0.699973
79.800000 -0.951057  0.951057 -0.587190 -0.473009
79.900000 -0.587785  0.987688 -0.401774 -0.238452
80.000000 -0.000000  1.000000 -0.212216 -0.000000
80.100000  0.587785  0.987688 -0.020409  0.238588
80.200000  0.951057  0.951057  0.171732  0.473549
80.300000  0.951057  0.891007  0.362286  0.701173
80.400000  0.587785  0.809017  0.549348  0.917864
80.500000  0.000000  0.707107  0.731045  1.120199
80.600000 -0.587785  0.587785  0.905556  1.304976
80.700000 -0.951057  0.453990  1.071133  1.469271
80.800000 -0.951057  0.309017  1.226115  1.610481
80.900000 -0.587785  0.156434  1.368944  1.726363
81.000000 -0.000000  0.000000  1.498185  1.815077
81.100000  0.587785 -0.156434  1.612538  1.875207
81.200000  0.951057 -0.309017  1.710848  1.905788
81.300000  0.951057 -0.453990  1.792122  1.906321
81.400000  0.587785 -0.587785  1.855537  1.876782
81.500000  0.000000 -0.707107  1.900447  1.817619
81.600000 -0.587785 -0.809017  1.926391  1.729749
81.700000 -0.951057 -0.891007  1.933096  1.614542
81.800000 -0.951057 -0.951057  1.920484  1.473802
81.900000 -0.587785 -0.987688  1.888666  1.309733
82.000000 -0.000000 -1.000000  1.837950  1.124912
82.100000  0.587785 -0.987688  1.768829  0.922242
82.200000  0.951057 -0.951057  1.681982  0.704911
82.300000  0.951057 -0.891007  1.578265  0.476341
82.400000  0.587785 -0.809017  1.458706  0.240129
82.500000  0.000000 -0.707107  1.324487  0.000000
82.600000 -0.587785 -0.587785  1.176943 -0.240261
82.700000 -0.951057 -0.453990  1.017538 -0.476864
82.800000 -0.951057 -0.309017  0.847858 -0.706074
82.900000 -0.587785 -0.156434  0.669594 -0.924271
83.000000  0.000000  0.000000  0.484521 -1.128006
83.100000  0.587785  0.156434  0.294486 -1.314057
83.200000  0.951057  0.309017  0.101384 -1.479480
83.300000  0.951057  0.453990 -0.092855 -1.621654
83.400000  0.587785  0.587785 -0.286292 -1.738323
83.500000 -0.000000  0.707107 -0.476991 -1.827632
83.600000 -0.587785  0.809017 -0.663046 -1.888159
83.700000 -0.951057  0.891007 -0.842592 -1.918931
83.800000 -0.951057  0.951057 -1.013830 -1.919449
83.900000 -0.587785  0.987688 -1.175045 -1.889687
84.000000  0.000000  1.000000 -1.324617 -1.830098
84.100000  0.587785  0.987688 -1.461045 -1.741607
84.200000  0.951057  0.951057 -1.582955 -1.625595
84.300000  0.951057  0.891007 -1.689121 -1.483876
84.400000  0.587785  0.809017 -1.778471 -1.318672
84.500000  0.000000  0.707107 -1.850100 -1.132578
84.600000 -0.587785  0.587785 -1.903283 -0.928518
84.700000 -0.951057  0.453990 -1.937475 -0.709701
84.800000 -0.951057  0.309017 -1.952322 -0.479573
84.900000 -0.587785  0.156434 -1.947665 -0.241756
85.000000 -0.000000  0.000000 -1.923538  0.000000
85.100000  0.587785 -0.156434 -1.880168  0.241884
85.200000  0.951057 -0.309017 -1.817979  0.480081
85.300000  0.951057 -0.453990 -1.737579  0.710830
85.400000  0.587785 -0.587785 -1.639761  0.930487
85.500000  0.000000 -0.707107 -1.525493  1.135581
85.600000 -0.587785 -0.809017 -1.395905  1.322869
85.700000 -0.951057 -0.891007 -1.252284  1.489387
85.800000 -0.951057 -0.951057 -1.096057  1.632497
85.900000 -0.587785 -0.987688 -0.928778  1.749929
86.000000 -0.000000 -1.000000 -0.752111  1.839817
86.100000  0.587785 -0.987688 -0.567818  1.900729
86.200000  0.951057 -0.951057 -0.377735  1.931688
86.300000  0.951057 -0.891007 -0.183760  1.932191
86.400000  0.587785 -0.809017  0.012172  1.902213
86.500000  0.000000 -0.707107  0.208102  1.842212
86.600000 -0.587785 -0.587785  0.402073  1.753119
86.700000 -0.951057 -0.453990  0.592144  1.636324
86.800000 -0.951057 -0.309017  0.776412  1.493655
86.900000 -0.587785 -0.156434  0.953033  1.327350
87.000000 -0.000000 -0.000000  1.120236  1.140021
87.100000  0.587785  0.156434  1.276343  0.934611
87.200000  0.951057  0.309017  1.419789  0.714352
87.300000  0.951057  0.453990  1.549130  0.482711
87.400000  0.587785  0.587785  1.663066  0.243336
87.500000  0.000000  0.707107  1.760448  0.000000
87.600000 -0.587785  0.809017  1.840293 -0.243460
87.700000 -0.951057  0.891007  1.901792 -0.483204
87.800000 -0.951057  0.951057  1.944320 -0.715448
87.900000 -0.587785  0.987688  1.967439 -0.936524
88.000000 -0.000000  1.000000  1.970907 -1.142938
88.100000  0.587785  0.987688  1.954678 -1.331428
88.200000  0.951057  0.951057  1.918902 -1.499009
88.300000  0.951057  0.891007  1.863924 -1.643029
88.400000  0.587785  0.809017  1.790283 -1.761203
88.500000 -0.000000  0.707107  1.698704 -1.851653
88.600000 -0.587785  0.587785  1.590092 -1.912939
88.700000 -0.951057  0.453990  1.465522 -1.944080
88.800000 -0.951057  0.309017  1.326229 -1.944568
88.900000 -0.587785  0.156434  1.173598 -1.914381
89.000000  0.000000 -0.000000  1.009147 -1.853980
89.100000  0.587785 -0.156434  0.834511 -1.764302
89.200000  0.951057 -0.309017  0.651431 -1.646748
89.300000  0.951057 -0.453990  0.461731 -1.503157
89.400000  0.587785 -0.587785  0.267305 -1.335782
89.500000 -0.000000 -0.707107  0.070092 -1.147253
89.600000 -0.587785 -0.809017 -0.127937 -0.940532
89.700000 -0.951057 -0.891007 -0.324803 -0.718871
89.800000 -0.951057 -0.951057 -0.518539 -0.485760
89.900000 -0.587785 -0.987688 -0.707205 -0.244871
90.000000 -0.000000 -1.000000 -0.888913 -0.000000
90.100000  0.587785 -0.987688 -1.061842  0.244992
90.200000  0.951057 -0.951057 -1.224259  0.486240
90.300000  0.951057 -0.891007 -1.374534  0.719937
90.400000  0.587785 -0.809017 -1.511158  0.942391
90.500000  0.000000 -0.707107 -1.632757  1.150089
90.600000 -0.587785 -0.587785 -1.738107  1.339746
90.700000 -0.951057 -0.453990 -1.826146  1.508362
90.800000 -0.951057 -0.309017 -1.895983  1.653267
90.900000 -0.587785 -0.156434 -1.946910  1.772162
91.000000 -0.000000 -0.000000 -1.978407  1.863159
91.100000  0.587785  0.156434 -1.990148  1.924810
91.200000  0.951057  0.309017 -1.982004  1.956127
91.300000  0.951057  0.453990 -1.954045  1.956602
91.400000  0.587785  0.587785 -1.906540  1.926212
91.500000  0.000000  0.707107 -1.839951  1.865422
91.600000 -0.587785  0.809017 -1.754934  1.775176
91.700000 -0.951057  0.891007 -1.652328  1.656883
91.800000 -0.951057  0.951057 -1.533148  1.512396
91.900000 -0.587785  0.987688 -1.398577  1.343982
92.000000 -0.000000  1.000000 -1.249950  1.154286
92.100000  0.587785  0.987688 -1.088746  0.946289
92.200000  0.951057  0.951057 -0.916569  0.723266
92.300000  0.951057  0.891007 -0.735132  0.488726
92.400000  0.587785  0.809017 -0.546246  0.246364
92.500000  0.000000  0.707107 -0.351793  0.000000
92.600000 -0.587785  0.587785 -0.153714 -0.246482
92.700000 -0.951057  0.453990  0.046012 -0.489193
92.800000 -0.951057  0.309017  0.245391 -0.724303
92.900000 -0.587785  0.156434  0.442430 -0.948099
93.000000 -0.000000  0.000000  0.635157 -1.157045
93.100000  0.587785 -0.156434  0.821644 -1.347839
93.200000  0.951057 -0.309017  1.000022 -1.517461
93.300000  0.951057 -0.453990  1.168505 -1.663226
93.400000  0.587785 -0.587785  1.325404 -1.782823
93.500000 -0.000000 -0.707107  1.469142 -1.874353
93.600000 -0.587785 -0.809017  1.598276 -1.936359
93.700000 -0.951057 -0.891007  1.711508 -1.967849
93.800000 -0.951057 -0.951057  1.807696 -1.968311
93.900000 -0.587785 -0.987688  1.885869 -1.937724
94.000000  0.000000 -1.000000  1.945237 -1.876556
94.100000  0.587785 -0.987688  1.985195 -1.785757
94.200000  0.951057 -0.951057  2.005334 -1.666746
94.300000  0.951057 -0.891007  2.005441 -1.521387
94.400000  0.587785 -0.809017  1.985503 -1.351961
94.500000 -0.000000 -0.707107  1.945710 -1.161130
94.600000 -0.587785 -0.587785  1.886448 -0.951893
94.700000 -0.951057 -0.453990  1.808298 -0.727543
94.800000 -0.951057 -0.309017  1.712033 -0.491612
94.900000 -0.587785 -0.156434  1.598603 -0.247817
95.000000 -0.000000 -0.000000  1.469133  0.000000
95.100000  0.587785  0.156434  1.324909  0.247932
95.200000  0.951057  0.309017  1.167364  0.492067
95.300000  0.951057  0.453990  0.998066  0.728553
95.400000  0.587785  0.587785  0.818700  0.953655
95.500000  0.000000  0.707107  0.631055  1.163817
95.600000 -0.587785  0.809017  0.437000  1.355717
95.700000 -0.951057  0.891007  0.238473  1.526319
95.800000 -0.951057  0.951057  0.037454  1.672922
95.900000 -0.587785  0.987688 -0.164047  1.793203
96.000000 -0.000000  1.000000 -0.364017  1.885252
96.100000  0.587785  0.987688 -0.560456  1.947604
96.200000  0.951057  0.951057 -0.751399  1.979262
96.300000  0.951057  0.891007 -0.934935  1.979712
96.400000  0.587785  0.809017 -1.109225  1.948934
96.500000  0.000000  0.707107 -1.272521  1.887398
96.600000 -0.587785  0.587785 -1.423187  1.796061
96.700000 -0.951057  0.453990 -1.559708  1.676351
96.800000 -0.951057  0.309017 -1.680714  1.530143
96.900000 -0.587785  0.156434 -1.784985  1.359732
97.000000 -0.000000  0.000000 -1.871472  1.167795
97.100000  0.587785 -0.156434 -1.939299  0.957350
97.200000  0.951057 -0.309017 -1.987780  0.731709
97.300000  0.951057 -0.453990 -2.016420  0.494424
97.400000  0.587785 -0.587785 -2.024920  0.249233
97.500000  0.000000 -0.707107 -2.013187  0.000000
97.600000 -0.587785 -0.809017 -1.981327 -0.249344
97.700000 -0.951057 -0.891007 -1.929646 -0.494867
97.800000 -0.951057 -0.951057 -1.858653 -0.732693
97.900000 -0.587785 -0.987688 -1.769045 -0.959067
98.000000 -0.000000 -1.000000 -1.661709 -1.170413
98.100000  0.587785 -0.987688 -1.537709 -1.363391
98.200000  0.951057 -0.951057 -1.398275 -1.534948
98.300000  0.951057 -0.891007 -1.244792 -1.682369
98.400000  0.587785 -0.809017 -1.078788 -1.803316
98.500000  0.000000 -0.707107 -0.901915 -1.895871
98.600000 -0.587785 -0.587785 -0.715936 -1.958560
98.700000 -0.951057 -0.453990 -0.522704 -1.990382
98.800000 -0.951057 -0.309017 -0.324148 -1.990821
98.900000 -0.587785 -0.156434 -0.122249 -1.959856
99.000000  0.000000  0.000000  0.080977 -1.897962
99.100000  0.587785  0.156434  0.283498 -1.806101
99.200000  0.951057  0.309017  0.483291 -1.685711
99.300000  0.951057  0.453990  0.678357 -1.538676
99.400000  0.587785  0.587785  0.866744 -1.367305
99.500000 -0.000000  0.707107  1.046564 -1.174291
99.600000 -0.587785  0.809017  1.216018 -0.962669
99.700000 -0.951057  0.891007  1.373404 -0.735769
99.800000 -0.951057  0.951057  1.517145 -0.497164
99.900000 -0.587785  0.987688  1.645797 -0.250612
100.000000  0.000000  1.000000  1.758065 -0.000000
